2.871452697753906105e-09,-2.422941323565338944e-16,4.373119178908519975e-106,2.871452697753906105e-09,1.226588379129861060e-71,5.239574562515882802e-134,4.373140327987418552e-106,5.975686975248034258e-72,2.152398362800790705e-134,8.976402525128020750e-106
5.262057972861842181e+00,5.025032894736842337e+00,2.631578947368420907e-01,2.631578947368420907e-01,2.631578947368420907e-01,2.631578947368420907e-01,2.631578947368420907e-01,2.631578947368420907e-01,2.631578947368420907e-01,2.631578947368420907e-01
5.640625000000001107e-04,1.471424264733129543e-59,5.640625000000001107e-04,4.822119056597110829e-67,2.876655043602123816e-59,1.650966014214545921e-66,5.904771599692675533e-59,1.209295523799155419e-59,2.876669687831946929e-59,1.662047599518560877e-59
5.263128207236841938e+00,5.263157894736842479e+00,2.631578947368338750e-01,2.631578943931165426e-01,2.631578947126136936e-01,2.631564103617983208e-01,2.631578947243939925e-01,2.631578940569018754e-01,2.631578947126125279e-01,2.631578947367901877e-01
2.499746041084490999e-01,3.294468661538757378e-61,1.092108953187846004e-60,6.656908700696210722e-61,6.656940894898065391e-61,5.332562326859966027e-61,5.613196379180341337e-61,5.332562326859874829e-61,5.359953937708847483e-61,2.499746041084490999e-01
5.263157837307788967e+00,2.631578947368652943e-01,5.263157837307788967e+00,2.631578915551771036e-01,2.631578947368420907e-01,2.631578947368420907e-01,2.631578947368420907e-01,2.631578947368305998e-01,2.631578947368409249e-01,2.631578947368420351e-01
2.369641434964258331e-01,8.287534156520303798e-99,3.031254601701631007e-99,2.543595202589685227e-99,2.369641434964258331e-01,7.343172585031872448e-99,3.577460353796705501e-99,1.476765062062351006e-99,2.037565238385413274e-99,1.239193404550360626e-99
5.131578947368423682e-01,5.125328984570571844e-01,2.631576266124492358e-01,5.263157894736842479e+00,2.631578947032742199e-01,2.631578915551771036e-01,2.631578947368346522e-01,2.631578947362532284e-01,2.631578947368420907e-01,2.631578947362208654e-01
1.128125483351101466e-02,5.078385005532561764e-131,8.352299815312286289e-131,7.950728257407583448e-131,7.835482391092977663e-131,1.128125483351101466e-02,6.082060711968184406e-131,2.541328446133730070e-130,5.595384723847371738e-131,6.322448044866268508e-131
2.631578947368412025e-01,2.631578945650420165e-01,2.565789473679678731e-02,2.631554189321461679e-01,2.631578947368423682e-01,2.631282072368421043e-01,2.631577500102813549e-01,2.625328948879712132e-01,2.625923478686618129e-01,2.625531382818970805e-01
1.395798569686845041e-14,1.486513536909635211e-123,9.296670011267644410e-123,1.106919619651627649e-123,2.045646444951058518e-123,1.395798569686845041e-14,2.046427358093215097e-123,4.198958492267960065e-123,9.491838298714528531e-123,1.507672363438614744e-123
5.263157837298525266e+00,5.006564175981704778e-01,2.631578947142493297e-01,2.631578947363782395e-01,2.631578205171395957e-01,5.263157837307802289e+00,2.625640001610856089e-01,2.631578947368409249e-01,2.631578947275398650e-01,2.631578947368420351e-01
3.230929371093175267e-13,2.613845781494248405e-113,4.147961659707364694e-113,5.488569853875517277e-114,4.147980399674984413e-113,1.031017596012165218e-113,9.844932012635101107e-114,5.022906236982337893e-114,3.230929371093175267e-13,5.022906236982337893e-114
5.263157891025905144e+00,2.631578913868246605e-01,2.631578947345979413e-01,2.631578910258812742e-01,2.631578947363281129e-01,2.631563057224512447e-01,5.263157894736842479e+00,2.631282072368421043e-01,2.625641447368420311e-01,2.631578947355669440e-01
6.478715149307250486e-12,3.311269627849733938e-115,6.789962179964553568e-115,5.054651346657544022e-115,3.397222252858441302e-115,2.719580099836083040e-115,2.011806999271244404e-115,8.476339185295194874e-115,6.478715149307250486e-12,2.111967129518050154e-115
5.262564144730687232e+00,2.620000884410889630e-01,2.631578945410391057e-01,2.631562164746338306e-01,2.631578945512703105e-01,2.631578947368408139e-01,2.620000884410880748e-01,5.263157894730687403e+00,2.631578947367753107e-01,2.631468883303430539e-01
2.548674998258695287e-06,3.772700531549076781e-107,2.548674998258695287e-06,8.731354610130059143e-107,6.856950742255670980e-107,4.306778455633179851e-107,2.077241655794022408e-107,8.752034692487866392e-107,2.077030165005106530e-107,1.663980614065716219e-107
2.631821966895644405e-01,2.631311012410839090e-01,2.631578944780659790e-01,2.625343046418791570e-01,2.631276020436455476e-01,2.626220372313707307e-01,2.631578947236575816e-01,2.631578944391219643e-01,2.631821966895644960e-01,2.630506529138108007e-01
1.128124999999999961e-02,0.000000000000000000e+00,0.000000000000000000e+00,0.000000000000000000e+00,0.000000000000000000e+00,0.000000000000000000e+00,0.000000000000000000e+00,0.000000000000000000e+00,0.000000000000000000e+00,0.000000000000000000e+00
2.750314103618423656e-01,5.006578947368423016e-01,2.631578947368420907e-01,2.631578947368188315e-01,2.631578947368420907e-01,2.631578947367234078e-01,2.631578947363793497e-01,2.631578947368420907e-01,2.631578947368420907e-01,2.750328947368423926e-01
4.947499999999999787e+00,-1.049999999999995159e+00,-1.049874999999999892e+00,-1.000000000000000000e+00,-1.047499999999999876e+00,-1.049874999999999892e+00,-1.047499999999999876e+00,-1.000000000000000000e+00,-1.049874999999999892e+00,-1.000000000000000000e+00
-1.050000000000000044e+00,-1.049999999999995159e+00,-1.000000000000000000e+00,-1.049874999999999892e+00,-1.049874999999999892e+00,-1.049993750000000059e+00,-1.000000000000000000e+00,-1.000000000000000000e+00,-1.047499999999999876e+00,-1.000000000000000000e+00
-1.050067104189047473e+00,-1.046582890535404875e+00,-1.044253746093749768e+00,-1.046466433398437257e+00,-1.046585183398437202e+00,-1.000000000000000000e+00,-1.000000000000000000e+00,-9.316578124999949084e-01,-1.047499999999999876e+00,-1.047499999999999876e+00
-1.046753746093749715e+00,-1.047749278695801145e+00,-1.000000000000000000e+00,-1.049874999999999892e+00,-1.049874999999999892e+00,-1.000000000000000000e+00,-1.049874999999999892e+00,-1.000000000000000000e+00,-1.004979323916021849e+00,-1.000000000000000000e+00
-5.193507795750100520e-02,-1.049999999294731534e+00,-1.000000000000000000e+00,-1.047499999999999876e+00,-1.047499999999999876e+00,-1.000000000000000000e+00,-1.000000000000000000e+00,-1.000000000000000000e+00,-1.049768407031248518e+00,-1.000000000000000000e+00
-1.050118749999999990e+00,-1.050000000000000044e+00,-1.047499999999999876e+00,-1.047499999999999876e+00,-1.049993750000000059e+00,-1.049993750000000059e+00,-1.049999984375000084e+00,-1.047499999999999876e+00,-1.047499999999999876e+00,-1.049993750000000059e+00
-5.249872733397163010e-02,-1.049999999999912115e+00,-1.049999421002804301e+00,-1.047499999999999876e+00,-1.000000000000000000e+00,-1.047743135025667183e+00,-1.047749374323448501e+00,-1.049874999999999892e+00,-1.049993750000000059e+00,-1.047499999999999876e+00
-1.050118735898437405e+00,-1.052374985236049776e+00,-1.052374390625000045e+00,-1.050117604654374981e+00,-1.052250000000000130e+00,-1.050361339029374896e+00,-1.047499999999999876e+00,-1.047755373320394812e+00,-1.047499999999999876e+00,-1.052374703085937613e+00
-1.004854753830044967e+00,-1.047755935975894559e+00,-1.047761546096896756e+00,-1.049874999999999892e+00,-1.049999687499999945e+00,-9.551187195179801082e-01,-1.047755934376299214e+00,-1.005100370188145797e+00,-1.047648717973833632e+00,-1.047499999999999876e+00
-1.004988420273031924e+00,-1.049999999999995604e+00,-1.049993750000000059e+00,-1.002380028046403915e+00,-1.049874999999999892e+00,-1.000000000000000000e+00,-1.047499999999999876e+00,-1.049999984375000084e+00,-1.049874999999999892e+00,-1.049993750000000059e+00
-5.249999999999954703e-02,-1.049999986675875796e+00,-1.049993750000000059e+00,-1.049994654725364907e+00,-1.049999687499999945e+00,-1.047499999999999876e+00,-1.000000000000000000e+00,-1.047499999999999876e+00,-1.049874999999999892e+00,-1.049993750000000059e+00
-1.049999985935546887e+00,-1.050000000000000044e+00,-1.049999687499999945e+00,-1.049874999999999892e+00,-1.049993750000000059e+00,-1.047499999999999876e+00,-1.047499999999999876e+00,-1.049874999999999892e+00,-1.000000000000000000e+00,-1.000000000000000000e+00
-1.004531201034797316e+00,-1.050000000000000044e+00,-1.049874999999999892e+00,-1.049993750000000059e+00,-1.047499999999999876e+00,-1.047499999999999876e+00,-1.000000000000000000e+00,-1.047499999999999876e+00,-1.000000000000000000e+00,-1.049874999999999892e+00
-1.050000000000000044e+00,-1.047749686796777269e+00,-1.047499999999999876e+00,-1.049874999999999892e+00,-1.047499999999999876e+00,-1.004993437500000031e+00,-1.047499999999999876e+00,-1.049993750000000059e+00,-1.049999687499999945e+00,-1.000000000000000000e+00
-5.249999987006936930e-02,-1.049887748922570641e+00,-1.047742494076504327e+00,-1.000000000000000000e+00,-1.049999999218750091e+00,-1.047499999999999876e+00,-1.002493749999739947e+00,-1.049874999999999892e+00,-1.000000000000000000e+00,-1.000000000000000000e+00
-1.050000000000000044e+00,-1.050000000000000044e+00,-1.047499999999999876e+00,-1.047499999999999876e+00,-1.049999687499999945e+00,-1.049874999999999892e+00,-1.049874999999999892e+00,-1.000000000000000000e+00,-1.049999984375000084e+00,-1.049874999999999892e+00
-1.002616699997296967e+00,-1.000124936351959315e+00,-4.999878476303998981e-02,-1.047499999999999876e+00,-1.000000000000000000e+00,-1.004874629776244310e+00,-1.047499999999999876e+00,-1.000000000000000000e+00,-1.002374942276244241e+00,-1.047499999999999876e+00
-1.004880879631935064e+00,-1.049994359367784513e+00,-1.047499999999999876e+00,-1.049874999999999892e+00,-1.049874999999999892e+00,-1.002374942276244241e+00,-1.047499999999999876e+00,-1.049874999999999892e+00,-1.047499999999999876e+00,-1.049874999999999892e+00
-4.114596846081861048e-02,-9.929959588854193608e-01,-1.000000000000000000e+00,-1.049874999999999892e+00,-1.047499999999999876e+00,-1.047499999999999876e+00,-1.049999687499999945e+00,-1.047861771967794953e+00,-9.930012732054999125e-01,-1.049874999999999892e+00
2.036265571789901974e-01,-1.050000000000000044e+00,-1.047499999999999876e+00,-1.049999687499999945e+00,-1.049874999999999892e+00,-1.047499999999999876e+00,-1.049999687499999945e+00,-1.047499999999999876e+00,-1.049999687499999945e+00,-1.049874999999999892e+00
-9.526957001071765553e-53,-2.375000000000004278e-03,0.000000000000000000e+00,0.000000000000000000e+00,0.000000000000000000e+00,0.000000000000000000e+00,-1.562500000000008532e-08,-2.500000000000004389e-03,-9.499999999999999556e-01,0.000000000000000000e+00
-1.050000000000000044e+00,-1.000000000000000000e+00,-1.000000000000000000e+00,-1.000000000000000000e+00,-1.000000000000000000e+00,-1.000000000000000000e+00,-1.000000000000000000e+00,-1.000000000000000000e+00,-1.000000000000000000e+00,-1.000000000000000000e+00
